1|,,|0.03333333333333333|,,|["Component\u79d2\u5f00"]|,,|1.0|,,|0.8744666747566574|,,|[[0, 0.27060889074688604]]
2|,,|0.06666666666666667|,,|["\u6ef4\u6ef4\u51fa\u884c\u79d2\u5f00", "Component\u79d2\u5f00"]|,,|0.9945336759012924|,,|0.8732500535811166|,,|[[0, 0.2702154980448374]]
3|,,|0.1|,,|["\u6ef4\u6ef4\u51fa\u884c\u79d2\u5f00", "Component\u79d2\u5f00"]|,,|0.9906519049687903|,,|0.8724468661392125|,,|[[0, 0.27054042596336]]
4|,,|0.13333333333333333|,,|["Component\u79d2\u5f00"]|,,|0.988436570914413|,,|0.8721808443349266|,,|[[0, 0.2707208582528737]]
5|,,|0.16666666666666666|,,|["Component\u79d2\u5f00"]|,,|0.9871368443037327|,,|0.8719868653399506|,,|[[0, 0.27088961169977555]]
6|,,|0.2|,,|["Component\u79d2\u5f00"]|,,|0.9859772325311379|,,|0.8717396593736755|,,|[[0, 0.271510313888945]]
7|,,|0.23333333333333334|,,|["\u6ef4\u6ef4\u51fa\u884c\u79d2\u5f00", "Component\u79d2\u5f00"]|,,|0.9853347906343617|,,|0.8714577411208654|,,|[[0, 0.272172863024542]]
8|,,|0.26666666666666666|,,|["\u6ef4\u6ef4\u51fa\u884c\u79d2\u5f00", "Component\u79d2\u5f00"]|,,|0.9851302157674813|,,|0.8715705722879807|,,|[[0, 0.27234378435162576]]
9|,,|0.3|,,|["Component\u79d2\u5f00"]|,,|0.9837414105243203|,,|0.8715590796786445|,,|[[0, 0.273214648246217]]
10|,,|0.3333333333333333|,,|["Component\u79d2\u5f00"]|,,|0.9838234965397075|,,|0.8716437205735402|,,|[[0, 0.27276039086080933]]
11|,,|0.3666666666666667|,,|["GComponent\u79d2\u5f00"]|,,|0.9834996685213664|,,|0.871615143975202|,,|[[0, 0.2734051152992313]]
12|,,|0.4|,,|["Gomponent\u79d2\u5f00"]|,,|0.9838403582426749|,,|0.8712865474825727|,,|[[0, 0.2734876249112972]]
13|,,|0.4333333333333333|,,|["Component\u79d2\u5f00"]|,,|0.9828600303512476|,,|0.8708911890012633|,,|[[0, 0.2748197122321595]]
14|,,|0.4666666666666667|,,|["GComponent\u79d2\u5f00"]|,,|0.9837130278578774|,,|0.8711403162065056|,,|[[0, 0.27441165353641545]]
15|,,|0.5|,,|["Component\u79d2\u5f00"]|,,|0.9833860584992372|,,|0.8711250452184195|,,|[[0, 0.27389690535856365]]
16|,,|0.5333333333333333|,,|["Component\u79d2\u5f00"]|,,|0.9826047276967473|,,|0.8714062947771333|,,|[[0, 0.27454974011561384]]
17|,,|0.5666666666666667|,,|["Component\u79d2\u5f00"]|,,|0.9821801021621447|,,|0.8714370047944067|,,|[[0, 0.2747044074808359]]
18|,,|0.6|,,|["Component\u79d2\u5f00"]|,,|0.9817750973653953|,,|0.8712976290020475|,,|[[0, 0.27403939680569955]]
19|,,|0.6333333333333334|,,|["Component\u79d2\u5f00"]|,,|0.9816968413798315|,,|0.8710840769894992|,,|[[0, 0.27492018136752566]]
20|,,|0.6666666666666666|,,|["GComponent\u79d2\u5f00"]|,,|0.9822661838558489|,,|0.8712829223827498|,,|[[0, 0.27517259829630275]]
21|,,|0.7|,,|["Component\u79d2\u5f00"]|,,|0.9821018103530371|,,|0.8715032339057683|,,|[[0, 0.2754033031329004]]
22|,,|0.7333333333333334|,,|["Component\u79d2\u5f00"]|,,|0.9819366800904069|,,|0.8715164612827832|,,|[[0, 0.27479829082430485]]
23|,,|0.7666666666666666|,,|["\u6ef4\u6ef4\u51fa\u884c\u79d2\u5f00", "Component\u79d2\u5f00"]|,,|0.9804694728507778|,,|0.8716433094556502|,,|[[0, 0.2763087318333261]]
24|,,|0.8|,,|["\u6ef4\u6ef4\u51fa\u884c\u79d2\u5f00", "GComponent\u79d2\u5f00"]|,,|0.980468459589184|,,|0.871683508840318|,,|[[0, 0.2759054484818716]]
25|,,|0.8333333333333334|,,|["\u6ef4\u6ef4\u51fa\u884c\u79d2\u5f00", "GComponent\u79d2\u5f00"]|,,|0.9808243291326335|,,|0.8715919865427465|,,|[[0, 0.27676060517895423]]
26|,,|0.8666666666666666|,,|["\u6ef4\u6ef4\u51fa\u884c\u79d2\u5f00", "GComponent\u79d2\u5f00"]|,,|0.9791731136146911|,,|0.8712990632868451|,,|[[0, 0.2810854120238794]]
27|,,|0.9|,,|["\u6ef4\u6ef4\u51fa\u884c\u79d2\u5f00", "GComponent\u79d8\u5f00"]|,,|0.9763028695334417|,,|0.8689247926160452|,,|[[0, 0.29390212931097975]]
28|,,|0.9333333333333333|,,|["\u6ef4\u6ef4\u51fa\u884c", "GComponent\u79cb\u5f00"]|,,|0.9717604460030482|,,|0.8660979695939294|,,|[[0, 0.28029977924950183]]
29|,,|0.9666666666666667|,,|["Component\u79cb\u5f00"]|,,|0.9673741231254451|,,|0.8647547757345417|,,|[[0, 0.25947118680324743]]
30|,,|1.0|,,|["Component\u79cb\u5f00"]|,,|0.9669130522719482|,,|0.8647003240880995|,,|[[0, 0.24258881700960203]]
31|,,|1.0333333333333332|,,|["\u6ef4\u6ef4\u51fa\u884c", "Component"]|,,|0.9680576515730662|,,|0.8655043825999306|,,|[[0, 0.24293761825882676]]
32|,,|1.0666666666666667|,,|["\u6ef4\u6ef4\u51fa\u884c", "Component"]|,,|0.9683193256724176|,,|0.8655775987506396|,,|[[0, 0.24221544290946703]]
33|,,|1.1|,,|["\u6ef4\u6ef4\u51fa\u884c", "Component"]|,,|0.9678448278078862|,,|0.8651344182281216|,,|[[0, 0.2436045452696042]]
34|,,|1.1333333333333333|,,|["GComponent\u79d2\u5f00"]|,,|0.9665576789828926|,,|0.865453218870267|,,|[[0, 0.24359961971774108]]
35|,,|1.1666666666666667|,,|["\u6ef4\u6ef4\u51fa\u884c", "Component"]|,,|0.966214974866701|,,|0.8659857091988806|,,|[[0, 0.251698645754802]]
36|,,|1.2|,,|["Component\u79f0\u5f00"]|,,|0.9680727601064599|,,|0.8671092515009532|,,|[[0, 0.2696447762209642]]
37|,,|1.2333333333333332|,,|["\u6ef4\u6ef4\u51fa\u884c\u79d2\u5f00", "Component\u79f0\u5f00"]|,,|0.9738031104824976|,,|0.871361870643714|,,|[[0, 0.28394962641942645]]
38|,,|1.2666666666666668|,,|["Component\u79f0\u5f00"]|,,|0.9767139283632016|,,|0.8738024169196449|,,|[[0, 0.27829484047144387]]
39|,,|1.3|,,|["\u6ef4\u6ef4\u51fa\u884c\u79cb\u5f00", "Component\u79d2\u5f00"]|,,|0.9761412683065755|,,|0.8738464383870362|,,|[[0, 0.27987066525137366]]
40|,,|1.3333333333333333|,,|["Gomponent\u79f0\u5f00"]|,,|0.973473044148453|,,|0.8731772737923963|,,|[[0, 0.2807435732335177]]
41|,,|1.3666666666666667|,,|["\u6ca5\u6c34\u884c\u79d2\u5f00", "Gomponent\u79d2\u5f00"]|,,|0.9585229319591152|,,|0.8739647240191892|,,|[[0, 0.24139073741233003]]
42|,,|1.4|,,|[]|,,|0.9519388746356003|,,|0.875212188586557|,,|[[0, 0.21928408828051316]]
43|,,|1.4333333333333333|,,|["\u6e21\u51fa\u884c", "5mponent"]|,,|0.9438409263021018|,,|0.871939999260313|,,|[[0, 0.2327932911004085]]
44|,,|1.4666666666666668|,,|[]|,,|0.9390099606956385|,,|0.8704405413749448|,,|[[0, 0.24430468393044436]]
45|,,|1.5|,,|[]|,,|0.939224057660224|,,|0.873017187106742|,,|[[0, 0.21919616262311886]]
46|,,|1.5333333333333332|,,|[]|,,|0.9404678285601462|,,|0.8752754565328927|,,|[[0, 0.22601223016227717]]
47|,,|1.5666666666666667|,,|[]|,,|0.9456528268981519|,,|0.8799150775710101|,,|[[0, 0.22188647627851552]]
48|,,|1.6|,,|[]|,,|0.9526005152469791|,,|0.8865866484968483|,,|[[0, 0.21067773025817788]]
49|,,|1.6333333333333333|,,|[]|,,|0.9620773827316818|,,|0.894655590261377|,,|[[0, 0.23647713080032765]]
50|,,|1.6666666666666667|,,|[]|,,|0.962712300945612|,,|0.8955693391166984|,,|[[0, 0.2243980154818366]]
51|,,|1.7|,,|[]|,,|0.9637547057119809|,,|0.8966494444862302|,,|[[0, 0.22614929892737762]]
52|,,|1.7333333333333332|,,|[]|,,|0.9641010060384668|,,|0.8962921739788334|,,|[[0, 0.24389500925782978]]
53|,,|1.7666666666666668|,,|[]|,,|0.9635803623639451|,,|0.896760445079279|,,|[[0, 0.2641114232881114]]
54|,,|1.8|,,|[]|,,|0.9573471988120289|,,|0.8895256240145938|,,|[[0, 0.24212562191940248]]
55|,,|1.8333333333333333|,,|[]|,,|0.9642516003738096|,,|0.8968677768988528|,,|[[0, 0.24758863730571282]]
56|,,|1.8666666666666667|,,|[]|,,|0.9643897610125725|,,|0.8977195134452699|,,|[[0, 0.2616705710530464]]
57|,,|1.9|,,|[]|,,|0.9610184407982599|,,|0.8948840445146384|,,|[[0, 0.23267426273520375]]
58|,,|1.9333333333333333|,,|[]|,,|0.9537908069022283|,,|0.8859496008495746|,,|[[0, 0.23940642779288218]]
59|,,|1.9666666666666668|,,|[]|,,|0.9479574351852852|,,|0.8799199720643943|,,|[[0, 0.25730872860111464]]
60|,,|2.0|,,|[]|,,|0.9451311751663817|,,|0.8771926001633502|,,|[[0, 0.2848099658897884]]
61|,,|2.033333333333333|,,|[]|,,|0.9448785356710206|,,|0.877071872914775|,,|[[0, 0.28009060048080303]]
62|,,|2.0666666666666664|,,|[]|,,|0.9493496509313479|,,|0.8815344945911273|,,|[[0, 0.26705581574443416]]
63|,,|2.1|,,|[]|,,|0.955251922965984|,,|0.8874875746025158|,,|[[0, 0.3026066739597385]]
64|,,|2.1333333333333333|,,|[]|,,|0.9628842356658363|,,|0.8958506802073696|,,|[[0, 0.2891531248001213]]
65|,,|2.1666666666666665|,,|[]|,,|0.9627703817674294|,,|0.896274196134891|,,|[[0, 0.2387486145072563]]
66|,,|2.2|,,|[]|,,|0.9626501690750776|,,|0.895768491712875|,,|[[0, 0.2543036609856748]]
67|,,|2.2333333333333334|,,|[]|,,|0.9590489556464825|,,|0.8907265092894351|,,|[[0, 0.24579462268347027]]
68|,,|2.2666666666666666|,,|[]|,,|0.962801229806176|,,|0.8955542708126735|,,|[[0, 0.23008578730120863]]
69|,,|2.3|,,|[]|,,|0.9628572161241562|,,|0.896464152521036|,,|[[0, 0.2327079624928418]]
70|,,|2.3333333333333335|,,|[]|,,|0.9620939453487825|,,|0.8959811947292282|,,|[[0, 0.21351459450479643]]
71|,,|2.3666666666666667|,,|[]|,,|0.9608187012200561|,,|0.8951925398164418|,,|[[0, 0.21277758447714878]]
72|,,|2.4|,,|[]|,,|0.9600651936869605|,,|0.8943919854062191|,,|[[0, 0.2273753690008862]]
73|,,|2.4333333333333336|,,|[]|,,|0.9584595851368862|,,|0.8925081990457668|,,|[[0, 0.23876381869840535]]
74|,,|2.4666666666666663|,,|[]|,,|0.9583083824020123|,,|0.8927148553823058|,,|[[0, 0.21622608825769127]]
75|,,|2.5|,,|[]|,,|0.9588705376235592|,,|0.8932228712226439|,,|[[0, 0.2168604572797637]]
76|,,|2.5333333333333337|,,|[]|,,|0.9587377699674309|,,|0.8931916270500244|,,|[[0, 0.20912522091860963]]
77|,,|2.5666666666666664|,,|["C", "b\u5434\u624d\u533b"]|,,|0.9203580876254794|,,|0.8801682933616634|,,|[[0, 0.9752177597798117]]
78|,,|2.6|,,|["\u547c\u53eb\u51fa\u79df\u8f66"]|,,|0.9083445574258535|,,|0.8794069618502584|,,|[[0, 0.9838102782682905]]
79|,,|2.6333333333333333|,,|["U\u53f2\u5b8f\u533b"]|,,|0.9045703062648879|,,|0.8775032038894057|,,|[[0, 0.9843870339725568]]
80|,,|2.6666666666666665|,,|["\u547c\u53eb\u51fa\u79df\u8f66"]|,,|0.9055816036705943|,,|0.8784768643800945|,,|[[0, 0.9838697678543623]]
81|,,|2.7|,,|["6", "\u547c\u53eb\u51fa\u79df\u8f66"]|,,|0.9017421575346137|,,|0.8762529054452624|,,|[[1, 0.9900819139328354]]
82|,,|2.7333333333333334|,,|["\u4f59", "\u547c\u53eb\u51fa\u79df\u8f66"]|,,|0.9025123917484086|,,|0.8774801323610116|,,|[[1, 0.9910191910016665]]
83|,,|2.7666666666666666|,,|["\u4f59", "U\u6536\u6c34"]|,,|0.9025487473463784|,,|0.8776932200381697|,,|[[1, 0.9908715623450368]]
84|,,|2.8|,,|["\u4f59", "\u547c\u53eb\u51fa\u79df\u8f66"]|,,|0.9026141106412081|,,|0.8780993400555654|,,|[[0, 0.9873115828624572]]
85|,,|2.8333333333333335|,,|["\u53f2\u4e8c\u533b"]|,,|0.9014463150253332|,,|0.8772886062673727|,,|[[0, 0.9729575856074656]]
86|,,|2.8666666666666667|,,|["b\u653f\u8bb8\u533b"]|,,|0.901485194208948|,,|0.8779310412329316|,,|[[0, 0.9799321979286888]]
87|,,|2.9|,,|["O", "b\u653f\u8bb8\u533b"]|,,|0.9020707605410264|,,|0.8792131832875053|,,|[[1, 0.9900007453543691]]
88|,,|2.9333333333333336|,,|["Q", "b\u653f\u624d\u533b"]|,,|0.9019589512375275|,,|0.8793126368227194|,,|[[1, 0.9924503334511182]]
89|,,|2.9666666666666663|,,|["Q", "b\u653f\u624d\u533b"]|,,|0.9018904048693419|,,|0.8792165974729133|,,|[[1, 0.9953349256883528]]
90|,,|3.0|,,|["O", "b\u653f\u5b8f\u533b"]|,,|0.9028013501837762|,,|0.8797684459833628|,,|[[1, 0.9970761771838631]]
91|,,|3.0333333333333337|,,|["O", "b\u53f2\u5b8f\u533b"]|,,|0.9028259327352751|,,|0.8797271400405732|,,|[[1, 0.998698493750669]]
92|,,|3.0666666666666664|,,|["O", "b\u5434\u5b8f\u533b"]|,,|0.9029281218989024|,,|0.8799425676240651|,,|[[1, 0.997975584562394]]
93|,,|3.1|,,|["O", "b\u5434\u5b8f\u533b"]|,,|0.9024241605798691|,,|0.8796798246361921|,,|[[1, 0.9970231779560179]]
94|,,|3.1333333333333333|,,|["O", "b\u5434\u5b8f\u533b"]|,,|0.9022241664530921|,,|0.8794950654525789|,,|[[1, 0.9964708111267591]]
95|,,|3.1666666666666665|,,|["O", "b\u53f2\u5b8f\u533b"]|,,|0.9023079672743404|,,|0.8797528413397111|,,|[[1, 0.9967696593037035]]
96|,,|3.2|,,|["b\u5434\u8bca\u533b"]|,,|0.9022674643893727|,,|0.8797985839066194|,,|[[1, 0.9967597020142147]]
97|,,|3.2333333333333334|,,|[]|,,|0.9031713495443563|,,|0.8803300768415895|,,|[[0, 0.6209408097110413]]
98|,,|3.2666666666666666|,,|[]|,,|0.9041927654387396|,,|0.8811836686302821|,,|[[0, 0.624232796475423]]
99|,,|3.3|,,|["l\u5434"]|,,|0.9033748322817273|,,|0.8808429517395266|,,|[[0, 0.6192699204097581]]
100|,,|3.3333333333333335|,,|["l\u5434"]|,,|0.9034379164831198|,,|0.8808857519150596|,,|[[0, 0.6191906006010838]]
101|,,|3.3666666666666667|,,|["l\u4e1c"]|,,|0.9032141144753482|,,|0.8809666043559478|,,|[[0, 0.6202125657429867]]
102|,,|3.4|,,|["l\u4e1e"]|,,|0.9024653942017477|,,|0.8806566537196434|,,|[[0, 0.6188013879449278]]
103|,,|3.4333333333333336|,,|["l\u4e1e"]|,,|0.9017023464026472|,,|0.8801340109662072|,,|[[0, 0.6197926131833217]]
104|,,|3.4666666666666663|,,|["\u5353\u8d8a\u540e\u6d77\u4e2d\u5fc3"]|,,|0.9019111414059344|,,|0.8807247723005056|,,|[[0, 0.6186522138373735]]
105|,,|3.5|,,|["\u5353\u8d8a\u540e\u6d77\u4e2d\u5fc3"]|,,|0.9016351256458486|,,|0.8806422190411727|,,|[[0, 0.6181514176746713]]
106|,,|3.5333333333333337|,,|["\u5353\u8d8a\u540e\u6d77\u4e2d\u5fc3"]|,,|0.9025493283802354|,,|0.8810896687514996|,,|[[0, 0.622008031477293]]
107|,,|3.5666666666666664|,,|["\u5353\u8d8a\u540e\u6d77\u4e2d\u5fc3"]|,,|0.902273107248438|,,|0.8810353126210265|,,|[[0, 0.6230480657760309]]
108|,,|3.6|,,|["\u6700\u5feb4\u5206\u949f\u63a5\u9a7e", "\u5353\u8d8a\u540e\u6d77\u4e2d\u5fc3"]|,,|0.9002595025389932|,,|0.9333053222454633|,,|[[0, 0.6142644825622269]]
109|,,|3.6333333333333333|,,|["\u6700\u5feb4\u5206\u949f\u63a5\u9a88", "\u5353\u8d8a\u540e\u6d77\u4e2d\u5fc3", "\u4e3f"]|,,|0.9004631805275974|,,|0.9340759193781705|,,|[[0, 0.6189549134416226]]
110|,,|3.6666666666666665|,,|["\u6700\u5feb3\u5206\u949f\u63a5\u9a7e", "\u5353\u8d8a\u540e\u6d77\u4e2d\u5fc3", "\u4e3f"]|,,|0.9007981261641198|,,|0.9348745951020001|,,|[[0, 0.6192483509287153]]
111|,,|3.7|,,|["\u6700\u5feb3\u5206\u949f\u63a5\u9a7e", "\u5353\u8d8a\u540e\u6d77\u4e2d\u5fc3", "\u6ef4\u6ef4\u4e00\u4e0b\u6e05\u51cc\u4e00\u590f\u5fc3\u9cdd"]|,,|0.8741120389245618|,,|0.9488383902974938|,,|[[0, 0.6182920478606091]]
112|,,|3.7333333333333334|,,|["\u6700\u5feb3\u5206\u949f\u63a5\u9a7e", "\u5353\u8d8a\u540e\u6d77\u4e2d\u5fc3", "\u6ef4\u6ef4\u4e00\u4e0b\u6e05\u51cc\u4e00\u590f\u4eba\u4e0d"]|,,|0.8738001923899472|,,|0.9501638195287199|,,|[[0, 0.6212968681961978]]
113|,,|3.7666666666666666|,,|["\u6700\u5feb3\u5206\u949f\u63a5\u9a7e", "\u5353\u8d8a\u540e\u6d77\u4e2d\u5fc3", "\u4e07\u4e0d\u4e3b\u53e4_\u4e00\u767de", "\u6f14\u6ef4\u4e00\u4e0b\u6e05\u51c9\u4e00\u4e8c\u5584\u5546\u5434p\u6cb3", "\u5173\u518d\u53eb\u8f66\u4f18\u60e0\u591aT\u53e3", "\u9650"]|,,|0.8732391200521906|,,|0.9501235369004983|,,|[[0, 0.6220383415176862]]
114|,,|3.8|,,|["\u6700\u5feb2\u5206\u949f\u63a5\u9a7e", "\u5353\u8d8a\u540e\u6d77\u4e2d\u5fc3", "\u6ef4\u6ef4\u4e00\u4e0b\u6e05\u51cc\u4e00\u590f\u4eba\u4e0d", "\u5148\u9886\u5238\u518d\u53ed\u8f66\u4f18\u60e0\u591a\u6c14\u723b"]|,,|0.8739418960925845|,,|0.9488342573778408|,,|[[0, 0.6255437505625758]]
115|,,|3.8333333333333335|,,|["\u6700\u5feb2\u5206\u949f\u63a5\u9a7e", "\u5353\u8d8a\u540e\u6d77\u4e2d\u5fc3", "\u6ef4\u6ef4\u4e00\u4e0b\u6e05\u51cc\u4e00\u590f\u4eba\u4e0d", "\u516d2\u53eb\u8f66\u4f18\u60e0\u591a\u51b2s\u4e00"]|,,|0.8742186289666886|,,|0.9493256172272461|,,|[[0, 0.6255244603281486]]
116|,,|3.8666666666666667|,,|["\u6700\u5feb2\u5206\u949f\u63a5\u9a88", "\u5353\u8d8a\u540e\u6d77\u4e2d\u5fc3", "\u6ef4\u6ef4\u4e00\u4e0b\u6e05\u51c9\u4e00\u590f\u4ec1\u547d", "\u5148\u9886\u5238\u518d\u53ed\u8f66\u4f18\u60e0\u591a\u7396\u4e00"]|,,|0.8741608536281679|,,|0.9491163479391569|,,|[[0, 0.6262266139875043]]
117|,,|3.9|,,|["\u6700\u5feb2\u5206\u949f\u63a5\u9a7e", "\u5353\u8d8a\u540e\u6d77\u4e2d\u5fc3", "\u6ef4\u6ef4\u4e00\u4e0b\u6e05\u51c9\u4e00\u590f\u53c8\u6ca5\u4f59", "\u516b2\u53eb\u8f66\u4f1a\u60e0\u591a\u4e3fs\u5f1b\u56fdh"]|,,|0.8741278740578875|,,|0.9474144611027252|,,|[[0, 0.6241896752321967]]
118|,,|3.9333333333333336|,,|["\u6700\u5feb2\u5206\u949f\u63a5\u9a7e", "\u5353\u8d8a\u540e\u6d77\u4e2d\u5fc3", "AQ\u4e25", "\u6ef4\u6ef4\u4e00\u4e0b\u6e05\u51c9\u4e00\u590f\u8d1d\u4eea", "\u4e07\u6cb3\u652b", "\u667ac\u4e00\u8428\u972d", "2\u4e00\u5fc3"]|,,|0.8737199055339726|,,|0.9446463941130767|,,|[[0, 0.6246474165319682]]
119|,,|3.9666666666666663|,,|["\u6700\u5feb2\u5206\u949f\u63a5\u9a7e", "\u5353\u8d8a\u540e\u6d77\u4e2d\u5fc3", "\u6ef4\u6ef4\u4e00\u4e0b\u6e05\u51bb\u4e00\u590f\u5fc34", "\u5149\u9886\u5238\u518d\u53ed\u8f66\u4f18\u60e0\u591a\u4e3fGY"]|,,|0.8734678181755416|,,|0.9456075710093217|,,|[[0, 0.6252742757768043]]
120|,,|4.0|,,|["\u6700\u5feb2\u5206\u949f\u63a5\u9a7e", "\u5353\u8d8a\u540e\u6d77\u4e2d\u5fc3", "\u6ef4\u6ef4\u4e00\u4e0b\u6e05\u51c9\u4e00\u590f\u568e\u76db\u4e1e"]|,,|0.8734837125659205|,,|0.9448055897837696|,,|[[0, 0.626418366370901]]
121|,,|4.033333333333333|,,|["\u6700\u5feb2\u5206\u949f\u63a5\u9a7e", "\u5353\u8d8a\u540e\u6d77\u4e2d\u5fc3", "\u53f0", "h", "SN\u9762\u87d1", "\u6d77\u6ef4\u4e00\u4e0b\u6e05\u51c9\u4e00\u590f\u6710\u56fd\u56ed\u670bs", "\u5148\u9886\u5238\u518d\u53eb\u8f66\u4f18\u60e0\u591a\u5915E\u547d", "\u7ed8"]|,,|0.8736277318034703|,,|0.9433674654045253|,,|[[0, 0.6285896455120716]]
122|,,|4.066666666666666|,,|["\u6700\u5feb2\u5206\u949f\u63a5\u9a7e", "\u5353\u8d8a\u540e\u6d77\u4e2d\u5fc3", "\u4e3b\u4e03\u767ew\u9e9d", "\u6ef4\u6ef4\u4e00\u4e0b\u6e05\u51c9\u4e00\u590f\u7626\u8d3a\u950b", "\u7eb32\u4ef2\u9187\u4e3f\u7ad6e\u58ec\u5e7f", "\u518d\u5438\u5bf8"]|,,|0.874051107168694|,,|0.9462326179936273|,,|[[0, 0.6291789687875144]]
123|,,|4.1|,,|["\u6700\u5feb2\u5206\u949f\u63a5\u9a7e", "\u5353\u8d8a\u540e\u6d77\u4e2d\u5fc3", "\u6ef4\u6ef4\u4e00\u4e0b\u6e05\u51c9\u4e00\u590f\u55bb\u53d6\u5e94\u6280", "\u518d\u5438\u4e8c"]|,,|0.873998947026178|,,|0.9472650681105245|,,|[[0, 0.6283578460062341]]
124|,,|4.133333333333333|,,|["\u6700\u5feb2\u5206\u949f\u63a5\u9a7e", "\u5353\u8d8a\u540e\u6d77\u4e2d\u5fc3", "\u6ef4\u6ef4\u4e00\u4e0b\u6e05\u51c9\u4e00\u590f\u55bb\u8d3e\u80b2"]|,,|0.8728697778173872|,,|0.9683306381163317|,,|[[0, 0.6291303410143602]]
125|,,|4.166666666666667|,,|["\u6700\u5feb2\u5206\u949f\u63a5\u9a7e", "\u5353\u8d8a\u540e\u6d77\u4e2d\u5fc3", "AQ\u4e24", "\u6ef4\u6ef4\u4e00\u4e0b\u6e05\u51cc\u4e00\u590f\u8d1d\u4e0d", "\u4e00S\u7687\u6797P", "tsoc\u4e3fv_\u5fc3", "\u5ea6"]|,,|0.872715192713935|,,|0.9694286874313336|,,|[[0, 0.6294915430533118]]
126|,,|4.2|,,|["\u6700\u5feb2\u5206\u949f\u63a5\u9a7e", "\u5353\u8d8a\u540e\u6d77\u4e2d\u5fc3"]|,,|0.8732121733178936|,,|0.9513504008730884|,,|[[0, 0.6315207967006093]]
127|,,|4.233333333333333|,,|["\u6700\u5feb2\u5206\u949f\u63a5\u9a7e", "\u5353\u8d8a\u540e\u6d77\u4e2d\u5fc3"]|,,|0.8734254532272477|,,|0.9529450536978415|,,|[[0, 0.6320368873465118]]
128|,,|4.266666666666667|,,|["\u6700\u5feb2\u5206\u949f\u63a5\u9a6f", "\u5353\u8d8a\u540e\u6d77\u4e2d\u5fc3"]|,,|0.8781758832747264|,,|0.9491002578712895|,,|[[0, 0.63114269923738]]
129|,,|4.3|,,|["\u6700\u5feb2\u5206\u949f\u63a5\u9a7e", "\u5353\u8d8a\u540e\u6d77\u4e2d\u5fc3"]|,,|0.878077038320692|,,|0.9494867927771147|,,|[[0, 0.6305950922524507]]
130|,,|4.333333333333333|,,|["\u6700\u5feb2\u5206\u949f\u63a5\u9a7e", "\u5353\u8d8a\u540e\u6d77\u4e2d\u5fc3"]|,,|0.8752526398761751|,,|0.9725922713951596|,,|[[0, 0.6283500316809159]]
131|,,|4.366666666666667|,,|["\u6700\u5feb3\u5206\u949f\u63a5\u9a7e", "\u5353\u8d8a\u540e\u6d77\u4e2d\u5fc3"]|,,|0.8783703766167398|,,|0.9700477235816514|,,|[[0, 0.6293565642666579]]
132|,,|4.4|,,|["\u6700\u5feb3\u5206\u949f\u63a5\u9a7e", "\u5353\u8d8a\u540e\u6d77\u4e2d\u5fc3", "\u6cf0", "ntdr", "\u6807", "E"]|,,|0.8784459178113752|,,|0.9714059773380918|,,|[[0, 0.6292389651122658]]
133|,,|4.433333333333333|,,|["\u6700\u5feb3\u5206\u949f\u63a5\u9a7e", "\u5353\u8d8a\u540e\u6d77\u4e2d\u5fc3", "\u6cd3c", "\u6ef4\u6ef4\u4e00\u4e0b\u6e05\u51c9\u4e00\u590f\u55bb\u76db\u5fd7", "\u6ca5e\u5a06Ezsc\u547d\u4e00y", "\u9882\u521a\u518d\u53eb\u8f66\u4f18\u60e0\u591a\u51ac\u67092re"]|,,|0.8758651652603753|,,|0.9750863968790462|,,|[[0, 0.624833267645449]]
134|,,|4.466666666666667|,,|["\u6700\u5feb3\u5206\u949f\u63a5\u9a7e", "\u5353\u8d8a\u540e\u6d77\u4e2d\u5fc3", "\u6ef4\u6ef4\u4e00\u4e0b", "\u518d\u53eb\u674e", "n\u6807", "\u6e05\u51c9\u4e00\u590f\u5584\u8d3a\u4e00", "\u4ef2\u5ef75"]|,,|0.8805765205413386|,,|0.9607177031366729|,,|[[0, 0.6214167463839043]]
135|,,|4.5|,,|["\u6700\u5feb3\u5206\u949f\u63a5\u9a7e", "\u5353\u8d8a\u540e\u6d77\u4e2d\u5fc3", "\u6d82\u6ef4\u4e00\u4e0b\u6e05\u51c9\u4e00\u590f\u5fc3", "\u5b8c\u9886\u5238\u518d\u53eb\u8f66\u4f18\u60e0\u591a\u5915F", "\u4e39D"]|,,|0.8777963118052673|,,|0.9780813761393474|,,|[[0, 0.6208303964421084]]
136|,,|4.533333333333333|,,|["\u6700\u5feb3\u5206\u949f\u63a5\u9a7e", "\u5353\u8d8a\u540e\u6d77\u4e2d\u5fc3", "\u6ef4\u6ef4\u4e00\u4e0b\u6e05\u51c9\u4e00\u590f\u568e\u54a4\u4e00", "\u4ea4\u9886\u5238\u518d\u53eb\u8f66\u4f1a\u60e0\u591a\u4e3fG\u4e00l", "\u540aE"]|,,|0.8770629903194693|,,|0.9781398026107204|,,|[[0, 0.6221721847529204]]
137|,,|4.566666666666667|,,|["\u6700\u5feb3\u5206\u949f\u63a5\u9a88", "\u5353\u8d8a\u540e\u6d77\u4e2d\u5fc3", "\u6ef4\u6ef4\u4e00\u4e0b\u6e05\u51c9\u4e00\u590f\u5fc37", "\u5b8c\u9886\u5238\u518d\u53eb\u8f66\u4f1a\u60e0\u591a\u4e3f\u53f2"]|,,|0.8764328610469763|,,|0.9777913658459371|,,|[[0, 0.6211126096808138]]
138|,,|4.6|,,|["\u6700\u5feb3\u5206\u949f\u63a5\u9a7e", "\u5353\u8d8a\u540e\u6d77\u4e2d\u5fc3"]|,,|0.8757418634873401|,,|0.9775368847893954|,,|[[0, 0.6233507960590796]]
139|,,|4.633333333333333|,,|["\u6700\u5feb3\u5206\u949f\u63a5\u9a7e", "\u5353\u8d8a\u540e\u6d77\u4e2d\u5fc3", "\u6ef4\u6ef4\u4e00\u4e0b\u6e05\u51cc\u4e00\u590f\u8d1d\u547d", "\u4e07\u518c\u53eb\u5341\u4f18\u60e0\u591a\u5b54\u6807\u547d"]|,,|0.8750057024182994|,,|0.9772427041120042|,,|[[0, 0.6228538196222603]]
140|,,|4.666666666666667|,,|["\u6700\u5feb3\u5206\u949f\u63a5\u9a7e", "\u5353\u8d8a\u540e\u6d77\u4e2d\u5fc3", "O", "\u5434", "\u6d88\u6ef4\u4e00\u4e0b\u6e05\u51cc\u4e00\u590f\u4ec1", "\u4ea4\u9882\u75af\u6bcb\u53f2\u8f66\u4ef0\u6148\u591a\u5b59E"]|,,|0.874433321716268|,,|0.9775222483323809|,,|[[0, 0.6219018301341205]]
141|,,|4.7|,,|["\u6700\u5feb3\u5206\u949f\u63a5\u9a7e", "\u5353\u8d8a\u540e\u6d77\u4e2d\u5fc3", "i", "rsazva75b", "\u6ef4\u6ef4\u4e00\u4e0b\u6e05\u51cc\u4e00\u590f\u5fc30", "\u5b8c\u9886\u5238\u518d\u5438\u8f66\u4f18\u60e0\u591a\u5b59c\u5341"]|,,|0.8740535062520284|,,|0.9774269753614331|,,|[[0, 0.6214205330462083]]
142|,,|4.733333333333333|,,|["\u6700\u5feb3\u5206\u949f\u63a5\u9a7e", "\u5353\u8d8a\u540e\u6d77\u4e2d\u5fc3", "\u547c\u53eb\u5feb\u8f66", "\u6d88\u6ef4\u4e00\u4e0b\u6e05\u51cc\u4e00\u590f\u4ec1\u6ca5", "\u5e94", "v", "1\u60c6\u4e0d\u53e35", "1", "\u53702\u5fc3"]|,,|0.8740620131634708|,,|0.9776539171428044|,,|[[0, 0.6215378038283819]]
143|,,|4.766666666666667|,,|["\u6700\u5feb3\u5206\u949f\u63a5\u9a88", "\u5353\u8d8a\u540e\u6d77\u4e2d\u5fc3", "rrvv\u4e0075", "\u6d82\u6ef4\u4e00\u4e0b\u6e05\u539f\u4e00\u590f\u53f2", "\u5148\u9882\u52ab\u518d\u53eb\u5341\u4f18\u60e0\u591a\u591a\u674e\u4e00f"]|,,|0.8736498949682158|,,|0.9767450704177768|,,|[[0, 0.6223891504161995]]
144|,,|4.8|,,|["\u6700\u5feb3\u5206\u949f\u63a5\u9a7e", "\u5353\u8d8a\u540e\u6d77\u4e2d\u5fc3", "\u6280ie", "\u6ef4\u6ef4\u4e00\u4e0b\u6e05\u51c9\u4e00\u590f\u4ed1", "52\u5c71\u4e8c1\u5f00\u916e22I0"]|,,|0.8729841007122643|,,|0.9750010305769198|,,|[[0, 0.6245249329628445]]
145|,,|4.833333333333333|,,|["\u6700\u5feb3\u5206\u949f\u63a5\u9a7e", "\u5353\u8d8a\u540e\u6d77\u4e2d\u5fc3", "\u6ef4\u6ef4\u4e00\u4e0b\u6e05\u51c9\u4e00\u590f\u559d\u54a4N\u4e07", "\u5148\u9876\u52a3\u518d\u53eb\u725b\u4f18\u60e0\u591a\u8292\u8bca\u4f59"]|,,|0.8723468203876308|,,|0.9742271492585967|,,|[[0, 0.6248676609794724]]
146|,,|4.866666666666667|,,|["\u6700\u5feb3\u5206\u949f\u63a5\u9a88", "\u5353\u8d8a\u540e\u6d77\u4e2d\u5fc3", "\u6ef4\u6ef4\u4e00\u4e0b\u6e05\u51c9\u4e00\u590f\u761f\u53d6\u6280", "\u5148\u9886\u5238\u518d\u53eb\u8f66\u4f18\u60e0\u591a\u4e4bE"]|,,|0.8726693511222311|,,|0.9748650043978113|,,|[[0, 0.6241050949356219]]
147|,,|4.9|,,|["\u6700\u5feb3\u5206\u949f\u63a5\u9a7e", "\u5353\u8d8a\u540e\u6d77\u4e2d\u5fc3", "\u6728R", "\u6ef4\u6ef4\u4e00\u4e0b\u6e05\u51bb\u4e00\u590f\u5fc37", "\u5148\u9886\u5238\u518d\u53eb\u8f66\u4f18\u60e0\u591a\u51acn\u4e002"]|,,|0.8724901727379546|,,|0.9747595243609155|,,|[[0, 0.6259099415184269]]
148|,,|4.933333333333333|,,|["\u6700\u5feb3\u5206\u949f\u63a5\u9a7e", "\u5353\u8d8a\u540e\u6d77\u4e2d\u5fc3", "\u6ef4\u6ef4\u4e00\u4e0b\u6e05\u51c9\u4e00\u590f\u4ee5\u6280", "\u5148\u9886\u5238\u518d\u53eb\u8f66\u4f18\u60e0\u591a\u4e61\u4e00r"]|,,|0.8728260730392778|,,|0.9760769282890945|,,|[[0, 0.6246300859132206]]
149|,,|4.966666666666667|,,|["\u6700\u5feb3\u5206\u949f\u63a5\u9a7e", "\u5353\u8d8a\u540e\u6d77\u4e2d\u5fc3", "\u6ef4\u6ef4\u4e00\u4e0b\u6e05\u51c9\u4e00\u590f\u5632\u54a4\u6cb3", "\u5143\u9886\u5238\u518d\u53eb\u8f66\u4f17\u79bd3s\u5fc3r"]|,,|0.8716576395431198|,,|0.9735780711076871|,,|[[0, 0.6246349431629138]]
150|,,|5.0|,,|["\u6700\u5feb3\u5206\u949f\u63a5\u9a7e", "\u5353\u8d8a\u540e\u6d77\u4e2d\u5fc3", "\u6ef4\u6ef4\u4e00\u4e0b\u6e05\u51c9\u4e00\u590f\u55bb\u54a41", "\u5148\u9886\u5238\u518d\u53eb\u8f66\u4f18\u60e0\u591a\u4e61E\u5e94"]|,,|0.8720793321653088|,,|0.974614029625946|,,|[[0, 0.6253013370187926]]
151|,,|5.033333333333333|,,|["\u6700\u5feb3\u5206\u949f\u63a5\u9a88", "\u5353\u8d8a\u540e\u6d77\u4e2d\u5fc3", "\u6ef4\u6ef4\u4e00\u4e0b\u6e05\u51bb\u4e00\u590f\u8d1d", "\u6c40\u9889\u52a3\u518d\u53eb\u8f66\u4f18\u60e0\u591a\u591a\u4f55"]|,,|0.8734084289394287|,,|0.9768357592591209|,,|[[0, 0.6230336472579939]]
152|,,|5.066666666666667|,,|["\u6700\u5feb3\u5206\u949f\u63a5\u9a7e", "\u5353\u8d8a\u540e\u6d77\u4e2d\u5fc3", "\u6ef4\u6ef4\u4e00\u4e0b\u6e05\u51c9\u4e00\u590f\u559d\u54a42", "\u6c34\u9886\u5238\u518d\u53ed\u8f66\u4f18\u60e0\u591a\u591a\u4e00"]|,,|0.8734511912035705|,,|0.9774293284300262|,,|[[0, 0.6229581771221219]]
153|,,|5.1|,,|["\u6700\u5feb3\u5206\u949f\u63a5\u9a7e", "\u5353\u8d8a\u540e\u6d77\u4e2d\u5fc3", "\u6ef4\u6ef4\u4e00\u4e0b\u6e05\u51cc\u4e00\u590f\u5c38\u516b", "\u4ea2\u9889\u594f\u7528\u5438\u8f66\u4f18\u60e0r\u6000"]|,,|0.8732714532677157|,,|0.9772361038450689|,,|[[0, 0.6225890841421543]]
154|,,|5.133333333333333|,,|["\u6700\u5feb3\u5206\u949f\u63a5\u9a7e", "\u5353\u8d8a\u540e\u6d77\u4e2d\u5fc3"]|,,|0.873587229116204|,,|0.97712969168432|,,|[[0, 0.6237423936567207]]
155|,,|5.166666666666667|,,|["\u6700\u5feb3\u5206\u949f\u63a5\u9a7e", "\u5353\u8d8a\u540e\u6d77\u4e2d\u5fc3"]|,,|0.8733616900168748|,,|0.9776024908441152|,,|[[0, 0.6250199218724761]]
156|,,|5.2|,,|["\u6700\u5feb3\u5206\u949f\u63a5\u9a7e", "\u5353\u8d8a\u540e\u6d77\u4e2d\u5fc3"]|,,|0.8729264701666538|,,|0.9774143037175658|,,|[[0, 0.62459088705065]]
157|,,|5.233333333333333|,,|["\u6700\u5feb3\u5206\u949f\u63a5\u9a88", "\u5353\u8d8a\u540e\u6d77\u4e2d\u5fc3"]|,,|0.871782583251266|,,|0.9770309934030996|,,|[[0, 0.6253059483280545]]
158|,,|5.266666666666667|,,|["\u6700\u5feb3\u5206\u949f\u63a5\u9a88", "\u5353\u8d8a\u540e\u6d77\u4e2d\u5fc3", "\u6ef4\u6ef4\u4e00\u4e0b\u6e05\u51c9\u4e00\u590f\u5584\u76db\u53e3", "\u5b8f\u9886\u5238\u518d\u53eb\u8f66\u4f18\u60e0\u591a\u51ac\u4e8cr"]|,,|0.8732117821234756|,,|0.9804630620114537|,,|[[0, 0.6215256993620069]]
159|,,|5.3|,,|["\u6700\u5feb3\u5206\u949f\u63a5\u9a88", "\u5353\u8d8a\u540e\u6d77\u4e2d\u5fc3", "\u6ef4\u6ef4\u4e00\u4e0b\u6e05\u51c9\u4e00\u590f\u568e\u53d6\u4e00", "\u6ca5\u9886\u5238\u518d\u53eb\u8f66\u4f18\u60e0\u591a\u51ac\u4f59\u4e00\u6021\u4e66X"]|,,|0.87444810128046|,,|0.9836479004732215|,,|[[0, 0.6156655622814665]]
160|,,|5.333333333333333|,,|["\u6700\u5feb3\u5206\u949f\u63a5\u9a88", "\u5353\u8d8a\u540e\u6d77\u4e2d\u5fc3"]|,,|0.874777870515766|,,|0.9849068568963255|,,|[[0, 0.6207378632204206]]
161|,,|5.366666666666667|,,|["\u6700\u5feb3\u5206\u949f\u63a5\u9e22", "\u5353\u8d8a\u540e\u6d77\u4e2d\u5fc3"]|,,|0.8744708981662576|,,|0.9855986422406212|,,|[[0, 0.6210959170488746]]
162|,,|5.4|,,|["\u6700\u5feb2\u5206\u949f\u63a5\u9a7e", "\u5353\u8d8a\u540e\u6d77\u4e2d\u5fc3"]|,,|0.8743105416918049|,,|0.986717432791305|,,|[[0, 0.618582256838112]]
163|,,|5.433333333333333|,,|["\u6700\u5feb2\u5206\u949f\u63a5\u9a7e", "\u5353\u8d8a\u540e\u6d77\u4e2d\u5fc3", "Eat\u4f73", "\u6ef4\u6ef4\u4e00\u4e0b\u6e05\u51c9\u4e00\u590f\u8d1d\u56fd", "\u5b8c\u9886\u5238\u518d\u53eb\u8f66\u4f18\u60e0\u591a\u51ac\u674e92"]|,,|0.8737850285212453|,,|0.9871028045079027|,,|[[0, 0.619962153298337]]
164|,,|5.466666666666667|,,|["\u6700\u5feb2\u5206\u949f\u63a5\u9a7e", "\u5353\u8d8a\u540e\u6d77\u4e2d\u5fc3", "\u6ef4\u6ef4\u4e00\u4e0b\u6e05\u51c9\u4e00\u590f\u55e3\u8d3e"]|,,|0.8746127443485184|,,|0.9905613680782017|,,|[[0, 0.6216669246641209]]
165|,,|5.5|,,|["\u6700\u5feb2\u5206\u949f\u63a5\u9a7e", "\u5353\u8d8a\u540e\u6d77\u4e2d\u5fc3"]|,,|0.8744666747566574|,,|1.0|,,|[[0, 0.6247927262112974]]
